Average              CCA           62.64    64.00    66.57    67.40    69.62
                     CCA-FT        66.00    68.62    72.10    74.84    77.60
ImageNet             CCA           60.74    61.11    61.52    62.20    63.00
                     CCA-FT        61.47    62.27    63.32    64.71    66.04
FGVC                 CCA           19.44    20.61    23.01    25.74    29.82
                     CCA-FT        21.66    25.20    28.65    35.28    40.95
Oxford Pets          CCA           85.66    87.35    87.33    87.79    89.29
                     CCA-FT        86.81    87.68    88.20    88.99    90.73
Stanford Cars        CCA           57.53    59.00    60.83    61.95    64.43
                     CCA-FT        59.78    63.11    67.65    73.34    78.24
EuroSAT              CCA           53.96    57.77    63.41    62.00    68.68
                     CCA-FT        67.12    69.99    80.43    82.38    86.54
Caltech101           CCA           88.60    89.25    90.10    89.13    90.26
                     CCA-FT        89.86    90.91    92.09    92.45    93.55
SUN397               CCA           61.35    62.47    64.53    65.73    66.53
                     CCA-FT        63.51    66.36    68.98    70.83    72.59
DTD                  CCA           48.23    47.64    56.56    59.63    63.53
                     CCA-FT        51.00    55.08    62.47    64.89    69.74
Oxford Flowers       CCA           73.77    76.45    82.10    85.83    86.89
                     CCA-FT        81.04    87.41    91.27    93.79    95.66
Food101              CCA           77.39    77.47    77.41    77.53    77.71
                     CCA-FT        77.65    77.89    78.28    79.18    79.54
UCF101               CCA           62.33    64.90    65.42    63.92    65.66
                     CCA-FT        66.09    68.94    71.72    77.35    80.04
